
test

link
[[  41  231]
 [  82 9130]]

rel
[[  40    5    1    0  219]
 [   6   34    0    1  224]
 [   0    0    0    0    7]
 [   0    0    0    0    7]
 [  77   63    0    0 8800]]

prop real
[[120  11   3  19   0]
 [  7  56  11  50   0]
 [  4  16 140  44   0]
 [ 30  62  50 349   0]
 [  0   0   0   0   1]]


validation

link
[[  27  116]
 [  39 3662]]

rel
[[  27    3    0    0  109]
 [   5   21    0    0  113]
 [   0    0    0    0    4]
 [   0    0    0    0    4]
 [  34   22    0    0 3502]]

prop real
[[ 57   4   3  13   0]
 [  4  27   5  37   0]
 [  1   9  61  13   0]
 [ 11  26  23 171   0]
 [  0   0   0   0   3]]


train

link
[[  913    10]
 [   13 29120]]

rel
[[  878     0     0     0    10]
 [    0   875     0     0    13]
 [    0     0    35     0     0]
 [    0     0     0    34     1]
 [    8     9     5     5 28183]]

prop real
[[ 578    0    0    7    0]
 [   2  535    1   11    0]
 [   0    1  734    3    0]
 [   1    5    7 1425    0]
 [   0    0    0    0   28]]

