
test

link
[[  59  213]
 [ 192 9020]]

rel
[[  62   27    0    0  176]
 [  20   52    0    0  193]
 [   0    0    0    0    7]
 [   0    0    0    0    7]
 [ 184  200    0    0 8556]]

prop real
[[120   0   1  32   0]
 [ 10   0   5 109   0]
 [  1   0 142  61   0]
 [ 41   0  45 405   0]
 [  0   0   1   0   0]]


validation

link
[[  45   98]
 [  86 3615]]

rel
[[  48    9    0    0   82]
 [   7   42    0    0   90]
 [   0    0    0    0    4]
 [   0    0    0    0    4]
 [  87   98    0    0 3373]]

prop real
[[ 62   0   3  12   0]
 [  6   0   5  62   0]
 [  0   0  58  26   0]
 [ 12   0  19 200   0]
 [  0   0   2   0   1]]


train

link
[[  705   218]
 [  186 28947]]

rel
[[  729    45     0     0   114]
 [   17   762     0     0   109]
 [    2     0     0     0    33]
 [    1     0     0     0    34]
 [  192   176     0     0 27842]]

prop real
[[ 567    0    0   18    0]
 [   6    0   11  532    0]
 [   1    0  672   65    0]
 [  61    0   32 1345    0]
 [   0    0    3    0   25]]

