
test

link
[[  43  229]
 [  68 9144]]

rel
[[  44    3    0    0  218]
 [   8   17    0    0  240]
 [   0    0    0    0    7]
 [   0    0    0    0    7]
 [  65   17    0    0 8858]]

prop real
[[113   0   3  37   0]
 [  4   0  10 110   0]
 [  2   1 129  72   0]
 [ 25   0  45 421   0]
 [  0   0   0   0   1]]


validation

link
[[  20  123]
 [  28 3673]]

rel
[[  21    0    0    0  118]
 [   2    9    0    0  128]
 [   0    0    0    0    4]
 [   0    0    0    0    4]
 [  28   10    0    0 3520]]

prop real
[[ 52   0   0  25   0]
 [  4   0   3  66   0]
 [  0   0  58  26   0]
 [ 10   1  21 199   0]
 [  0   0   0   0   3]]


train

link
[[  535   388]
 [  111 29022]]

rel
[[  550     0     0     0   338]
 [    0   264     0     0   624]
 [    0     0     0     0    35]
 [    0     0     0     0    35]
 [  120    36     0     0 28054]]

prop real
[[ 516    0    0   69    0]
 [   2    1   12  534    0]
 [   0    0  679   59    0]
 [  22    0   26 1390    0]
 [   0    0    0    0   28]]

