Document IDs

TRAIN:
[195, 197, 198, 201, 203, 204, 205, 207, 208, 210, 212, 217, 218, 219, 220, 223, 224, 225, 228, 230, 231, 234, 239, 302, 305, 306, 308, 309, 312, 315, 318, 321, 324, 325, 326, 327, 331, 332, 333, 334, 335, 337, 338, 340, 342, 345, 347, 348, 349, 350, 352, 353, 354, 362, 364, 370, 371, 373, 375, 377, 379, 380, 381, 383, 385, 386, 388, 390, 391, 392, 394, 395, 396, 397, 402, 403, 404, 406, 407, 409, 410, 411, 413, 414, 416, 417, 422, 423, 424, 426, 427, 428, 430, 433, 435, 436, 439, 442, 444, 448, 457, 458, 460, 461, 462, 467, 476, 477, 479, 480, 481, 483, 484, 489, 491, 493, 494, 495, 498, 499, 500, 501, 503, 505, 506, 512, 513, 514, 517, 518, 520, 521, 522, 523, 526, 527, 528, 530, 531, 532, 533, 534, 535, 538, 541, 546, 549, 551, 554, 555, 557, 559, 560, 563, 564, 566, 567, 568, 571, 572, 574, 575, 576, 577, 578, 582, 586, 587, 588, 592, 594, 595, 596, 597, 598, 600, 602, 604, 608, 609, 611, 612, 614, 621, 622, 623, 626, 627, 628, 631, 633, 639, 644, 645, 656, 657, 658, 662, 663, 665, 668, 669, 673, 674, 675, 676, 679, 682, 683, 684, 685, 686, 688, 689, 691, 692, 694, 695, 703, 704, 705, 717, 720, 721, 728, 732, 739, 740, 741, 744, 746, 753, 755, 756, 757, 758, 762, 764, 765, 766, 768, 771, 772, 774, 783, 784, 785, 786, 793, 794, 798, 802, 803, 805, 808, 812, 813, 814, 815, 816, 817, 819, 823, 824, 826, 829, 839, 840, 842, 843, 845, 846, 852, 856, 862, 863, 864, 867, 870, 881, 882, 883, 884, 889, 891, 901, 902, 903, 905, 906, 907, 908, 909, 910, 912, 913, 928, 930, 938, 943, 953, 955, 956, 958, 963, 967, 970, 974, 975, 977, 980, 987, 988, 989, 990, 993, 994, 995, 996, 997, 998, 999, 1000, 1001, 1002, 1006, 1013, 1014, 1015, 1017, 1018, 1020, 1021, 1024, 1025, 1026, 1027, 1028, 1031, 1032, 1033, 1036, 1037, 1040, 1041, 1049, 1050, 1053, 1056, 1059, 1062, 1063, 1066, 1067, 1068, 1069, 1072, 1073, 1075, 1076, 1077, 1079, 1083, 1085, 1086, 1088, 1089, 1091, 1095, 1097, 1098, 1101, 1111, 1112, 1114, 1118, 1119, 1120, 1121, 1125, 1126, 1127, 1128, 1129, 1130, 1131, 1134, 1136, 1137, 1141, 1142, 1144, 1145, 1146, 1147, 1149, 1150, 1154, 1157, 1164, 1165, 1166, 1167, 1168, 1169, 1171, 1172, 1173, 1179, 1180, 1181, 1186, 1187, 1189, 1192, 1194, 1196, 1197, 1199, 1201, 1206, 1208, 1209, 1210, 1211, 1212, 1217, 1218, 1219, 1231, 1234, 1235, 1236, 1237, 1238, 1243, 1244, 1246, 1247, 1248, 1249, 1252, 1255, 1256, 1257, 1260, 1261, 1262, 1263, 1267, 1269, 1272, 1273, 1275, 1280, 1281, 1282, 1284, 1286, 1288, 1289, 1292, 1296, 1297, 1298, 1301, 1303, 1307, 1308, 1309, 1311, 1312, 1313, 1314, 1316, 1322, 1323, 1327, 1329, 1331, 1340, 1345, 1347, 1349, 1353, 1355, 1356, 1365, 1368, 1369, 1371, 1373, 1374, 1378, 1380, 1383, 1384, 1385, 1386, 1387, 1389, 1390, 1394, 1395, 1399, 1400, 1401, 1403, 1407, 1409, 1410, 1412, 1417]


VALIDATION:
[194, 196, 199, 226, 236, 238, 240, 303, 310, 320, 336, 339, 341, 343, 346, 351, 358, 359, 361, 363, 365, 369, 372, 378, 387, 389, 393, 398, 400, 405, 412, 429, 434, 452, 456, 463, 464, 485, 486, 487, 488, 492, 524, 525, 536, 540, 543, 562, 565, 570, 573, 581, 584, 591, 615, 637, 638, 655, 661, 672, 677, 680, 698, 702, 708, 716, 722, 730, 748, 750, 759, 760, 763, 776, 790, 796, 799, 806, 810, 811, 821, 825, 835, 837, 851, 854, 860, 861, 869, 886, 890, 929, 932, 947, 966, 978, 984, 986, 1005, 1016, 1019, 1030, 1044, 1084, 1087, 1092, 1093, 1094, 1099, 1108, 1113, 1122, 1123, 1132, 1135, 1151, 1152, 1158, 1159, 1178, 1182, 1190, 1191, 1207, 1213, 1220, 1239, 1241, 1242, 1250, 1283, 1290, 1295, 1299, 1300, 1318, 1324, 1326, 1330, 1332, 1339, 1342, 1344, 1361, 1382, 1388, 1398, 1405, 1411, 1418]


TEST:
[200, 206, 314, 344, 357, 360, 382, 419, 420, 450, 451, 466, 472, 482, 496, 502, 529, 579, 599, 601, 605, 610, 635, 649, 659, 660, 681, 710, 745, 747, 751, 779, 788, 797, 822, 865, 872, 888, 964, 969, 1012, 1022, 1029, 1035, 1051, 1057, 1061, 1070, 1071, 1078, 1090, 1109, 1110, 1140, 1148, 1193, 1226, 1227, 1251, 1265, 1274, 1321, 1337, 1350, 1375, 1377, 1408, 1414]

