train
   text_ID  ...    set
0      195  ...  train
1      195  ...  train
2      195  ...  train
3      195  ...  train
4      195  ...  train

[5 rows x 11 columns]

total relations
30056

False    29133
True       923
Name: source_to_target, dtype: int64

reasons          888
inv_reasons      888
evidences         35
inv_evidences     35
Name: relation_type, dtype: int64

text_ID
513

source_ID
3338

3338
value        1438
testimony     738
policy        585
fact          549
reference      28
Name: source_type, dtype: int64
LIST OF DOCUMENT IDs
text_ID
[195, 197, 198, 201, 203, 204, 205, 207, 208, 210, 212, 217, 218, 219, 220, 223, 224, 225, 228, 230, 231, 234, 239, 302, 305, 306, 308, 309, 312, 315, 318, 321, 324, 325, 326, 327, 331, 332, 333, 334, 335, 337, 338, 340, 342, 345, 347, 348, 349, 350, 352, 353, 354, 362, 364, 370, 371, 373, 375, 377, 379, 380, 381, 383, 385, 386, 388, 390, 391, 392, 394, 395, 396, 397, 402, 403, 404, 406, 407, 409, 410, 411, 413, 414, 416, 417, 422, 423, 424, 426, 427, 428, 430, 433, 435, 436, 439, 442, 444, 448, 457, 458, 460, 461, 462, 467, 476, 477, 479, 480, 481, 483, 484, 489, 491, 493, 494, 495, 498, 499, 500, 501, 503, 505, 506, 512, 513, 514, 517, 518, 520, 521, 522, 523, 526, 527, 528, 530, 531, 532, 533, 534, 535, 538, 541, 546, 549, 551, 554, 555, 557, 559, 560, 563, 564, 566, 567, 568, 571, 572, 574, 575, 576, 577, 578, 582, 586, 587, 588, 592, 594, 595, 596, 597, 598, 600, 602, 604, 608, 609, 611, 612, 614, 621, 622, 623, 626, 627, 628, 631, 633, 639, 644, 645, 656, 657, 658, 662, 663, 665, 668, 669, 673, 674, 675, 676, 679, 682, 683, 684, 685, 686, 688, 689, 691, 692, 694, 695, 703, 704, 705, 717, 720, 721, 728, 732, 739, 740, 741, 744, 746, 753, 755, 756, 757, 758, 762, 764, 765, 766, 768, 771, 772, 774, 783, 784, 785, 786, 793, 794, 798, 802, 803, 805, 808, 812, 813, 814, 815, 816, 817, 819, 823, 824, 826, 829, 839, 840, 842, 843, 845, 846, 852, 856, 862, 863, 864, 867, 870, 881, 882, 883, 884, 889, 891, 901, 902, 903, 905, 906, 907, 908, 909, 910, 912, 913, 928, 930, 938, 943, 953, 955, 956, 958, 963, 967, 970, 974, 975, 977, 980, 987, 988, 989, 990, 993, 994, 995, 996, 997, 998, 999, 1000, 1001, 1002, 1006, 1013, 1014, 1015, 1017, 1018, 1020, 1021, 1024, 1025, 1026, 1027, 1028, 1031, 1032, 1033, 1036, 1037, 1040, 1041, 1049, 1050, 1053, 1056, 1059, 1062, 1063, 1066, 1067, 1068, 1069, 1072, 1073, 1075, 1076, 1077, 1079, 1083, 1085, 1086, 1088, 1089, 1091, 1095, 1097, 1098, 1101, 1111, 1112, 1114, 1118, 1119, 1120, 1121, 1125, 1126, 1127, 1128, 1129, 1130, 1131, 1134, 1136, 1137, 1141, 1142, 1144, 1145, 1146, 1147, 1149, 1150, 1154, 1157, 1164, 1165, 1166, 1167, 1168, 1169, 1171, 1172, 1173, 1179, 1180, 1181, 1186, 1187, 1189, 1192, 1194, 1196, 1197, 1199, 1201, 1206, 1208, 1209, 1210, 1211, 1212, 1217, 1218, 1219, 1231, 1234, 1235, 1236, 1237, 1238, 1243, 1244, 1246, 1247, 1248, 1249, 1252, 1255, 1256, 1257, 1260, 1261, 1262, 1263, 1267, 1269, 1272, 1273, 1275, 1280, 1281, 1282, 1284, 1286, 1288, 1289, 1292, 1296, 1297, 1298, 1301, 1303, 1307, 1308, 1309, 1311, 1312, 1313, 1314, 1316, 1322, 1323, 1327, 1329, 1331, 1340, 1345, 1347, 1349, 1353, 1355, 1356, 1365, 1368, 1369, 1371, 1373, 1374, 1378, 1380, 1383, 1384, 1385, 1386, 1387, 1389, 1390, 1394, 1395, 1399, 1400, 1401, 1403, 1407, 1409, 1410, 1412, 1417]
_______________________
_______________________
test
   text_ID  ...   set
0      194  ...  test
1      194  ...  test
2      194  ...  test
3      194  ...  test
4      194  ...  test

[5 rows x 11 columns]

total relations
9484

False    9212
True      272
Name: source_to_target, dtype: int64

reasons          265
inv_reasons      265
evidences          7
inv_evidences      7
Name: relation_type, dtype: int64

text_ID
150

source_ID
973

973
value        491
testimony    204
policy       153
fact         124
reference      1
Name: source_type, dtype: int64
LIST OF DOCUMENT IDs
text_ID
[194, 196, 199, 226, 236, 238, 240, 303, 310, 320, 336, 339, 341, 343, 346, 351, 358, 359, 361, 363, 365, 369, 372, 378, 387, 389, 393, 398, 400, 405, 412, 429, 434, 452, 456, 463, 464, 485, 486, 487, 488, 492, 524, 525, 536, 540, 543, 562, 565, 570, 573, 581, 584, 591, 615, 637, 638, 655, 661, 672, 677, 680, 698, 702, 708, 716, 722, 730, 748, 750, 759, 760, 763, 776, 790, 796, 799, 806, 810, 811, 821, 825, 835, 837, 851, 854, 860, 861, 869, 886, 890, 929, 932, 947, 966, 978, 984, 986, 1005, 1016, 1019, 1030, 1044, 1084, 1087, 1092, 1093, 1094, 1099, 1108, 1113, 1122, 1123, 1132, 1135, 1151, 1152, 1158, 1159, 1178, 1182, 1190, 1191, 1207, 1213, 1220, 1239, 1241, 1242, 1250, 1283, 1290, 1295, 1299, 1300, 1318, 1324, 1326, 1330, 1332, 1339, 1342, 1344, 1361, 1382, 1388, 1398, 1405, 1411, 1418]
_______________________
_______________________
validation
   text_ID  ...         set
0      200  ...  validation
1      200  ...  validation
2      206  ...  validation
3      206  ...  validation
4      206  ...  validation

[5 rows x 11 columns]

total relations
3844

False    3701
True      143
Name: source_to_target, dtype: int64

reasons          139
inv_reasons      139
inv_evidences      4
evidences          4
Name: relation_type, dtype: int64

text_ID
68

source_ID
468

468
value        231
testimony     84
policy        77
fact          73
reference      3
Name: source_type, dtype: int64
LIST OF DOCUMENT IDs
text_ID
[200, 206, 314, 344, 357, 360, 382, 419, 420, 450, 451, 466, 472, 482, 496, 502, 529, 579, 599, 601, 605, 610, 635, 649, 659, 660, 681, 710, 745, 747, 751, 779, 788, 797, 822, 865, 872, 888, 964, 969, 1012, 1022, 1029, 1035, 1051, 1057, 1061, 1070, 1071, 1078, 1090, 1109, 1110, 1140, 1148, 1193, 1226, 1227, 1251, 1265, 1274, 1321, 1337, 1350, 1375, 1377, 1408, 1414]
_______________________
_______________________
total
   text_ID  ...   set
4      194  ...  test
0      194  ...  test
5      194  ...  test
3      194  ...  test
2      194  ...  test

[5 rows x 11 columns]

total relations
43384

False    42046
True      1338
Name: source_to_target, dtype: int64

reasons          1292
inv_reasons      1292
evidences          46
inv_evidences      46
Name: relation_type, dtype: int64

text_ID
731

source_ID
4779

4779
value        2160
testimony    1026
policy        815
fact          746
reference      32
Name: source_type, dtype: int64
LIST OF DOCUMENT IDs
text_ID
[194, 195, 196, 197, 198, 199, 200, 201, 203, 204, 205, 206, 207, 208, 210, 212, 217, 218, 219, 220, 223, 224, 225, 226, 228, 230, 231, 234, 236, 238, 239, 240, 302, 303, 305, 306, 308, 309, 310, 312, 314, 315, 318, 320, 321, 324, 325, 326, 327, 331, 332, 333, 334, 335, 336, 337, 338, 339, 340, 341, 342, 343, 344, 345, 346, 347, 348, 349, 350, 351, 352, 353, 354, 357, 358, 359, 360, 361, 362, 363, 364, 365, 369, 370, 371, 372, 373, 375, 377, 378, 379, 380, 381, 382, 383, 385, 386, 387, 388, 389, 390, 391, 392, 393, 394, 395, 396, 397, 398, 400, 402, 403, 404, 405, 406, 407, 409, 410, 411, 412, 413, 414, 416, 417, 419, 420, 422, 423, 424, 426, 427, 428, 429, 430, 433, 434, 435, 436, 439, 442, 444, 448, 450, 451, 452, 456, 457, 458, 460, 461, 462, 463, 464, 466, 467, 472, 476, 477, 479, 480, 481, 482, 483, 484, 485, 486, 487, 488, 489, 491, 492, 493, 494, 495, 496, 498, 499, 500, 501, 502, 503, 505, 506, 512, 513, 514, 517, 518, 520, 521, 522, 523, 524, 525, 526, 527, 528, 529, 530, 531, 532, 533, 534, 535, 536, 538, 540, 541, 543, 546, 549, 551, 554, 555, 557, 559, 560, 562, 563, 564, 565, 566, 567, 568, 570, 571, 572, 573, 574, 575, 576, 577, 578, 579, 581, 582, 584, 586, 587, 588, 591, 592, 594, 595, 596, 597, 598, 599, 600, 601, 602, 604, 605, 608, 609, 610, 611, 612, 614, 615, 621, 622, 623, 626, 627, 628, 631, 633, 635, 637, 638, 639, 644, 645, 649, 655, 656, 657, 658, 659, 660, 661, 662, 663, 665, 668, 669, 672, 673, 674, 675, 676, 677, 679, 680, 681, 682, 683, 684, 685, 686, 688, 689, 691, 692, 694, 695, 698, 702, 703, 704, 705, 708, 710, 716, 717, 720, 721, 722, 728, 730, 732, 739, 740, 741, 744, 745, 746, 747, 748, 750, 751, 753, 755, 756, 757, 758, 759, 760, 762, 763, 764, 765, 766, 768, 771, 772, 774, 776, 779, 783, 784, 785, 786, 788, 790, 793, 794, 796, 797, 798, 799, 802, 803, 805, 806, 808, 810, 811, 812, 813, 814, 815, 816, 817, 819, 821, 822, 823, 824, 825, 826, 829, 835, 837, 839, 840, 842, 843, 845, 846, 851, 852, 854, 856, 860, 861, 862, 863, 864, 865, 867, 869, 870, 872, 881, 882, 883, 884, 886, 888, 889, 890, 891, 901, 902, 903, 905, 906, 907, 908, 909, 910, 912, 913, 928, 929, 930, 932, 938, 943, 947, 953, 955, 956, 958, 963, 964, 966, 967, 969, 970, 974, 975, 977, 978, 980, 984, 986, 987, 988, 989, 990, 993, 994, 995, 996, 997, 998, 999, 1000, 1001, 1002, 1005, 1006, 1012, 1013, 1014, 1015, 1016, 1017, 1018, 1019, 1020, 1021, 1022, 1024, 1025, 1026, 1027, 1028, 1029, 1030, 1031, 1032, 1033, 1035, 1036, 1037, 1040, 1041, 1044, 1049, 1050, 1051, 1053, 1056, 1057, 1059, 1061, 1062, 1063, 1066, 1067, 1068, 1069, 1070, 1071, 1072, 1073, 1075, 1076, 1077, 1078, 1079, 1083, 1084, 1085, 1086, 1087, 1088, 1089, 1090, 1091, 1092, 1093, 1094, 1095, 1097, 1098, 1099, 1101, 1108, 1109, 1110, 1111, 1112, 1113, 1114, 1118, 1119, 1120, 1121, 1122, 1123, 1125, 1126, 1127, 1128, 1129, 1130, 1131, 1132, 1134, 1135, 1136, 1137, 1140, 1141, 1142, 1144, 1145, 1146, 1147, 1148, 1149, 1150, 1151, 1152, 1154, 1157, 1158, 1159, 1164, 1165, 1166, 1167, 1168, 1169, 1171, 1172, 1173, 1178, 1179, 1180, 1181, 1182, 1186, 1187, 1189, 1190, 1191, 1192, 1193, 1194, 1196, 1197, 1199, 1201, 1206, 1207, 1208, 1209, 1210, 1211, 1212, 1213, 1217, 1218, 1219, 1220, 1226, 1227, 1231, 1234, 1235, 1236, 1237, 1238, 1239, 1241, 1242, 1243, 1244, 1246, 1247, 1248, 1249, 1250, 1251, 1252, 1255, 1256, 1257, 1260, 1261, 1262, 1263, 1265, 1267, 1269, 1272, 1273, 1274, 1275, 1280, 1281, 1282, 1283, 1284, 1286, 1288, 1289, 1290, 1292, 1295, 1296, 1297, 1298, 1299, 1300, 1301, 1303, 1307, 1308, 1309, 1311, 1312, 1313, 1314, 1316, 1318, 1321, 1322, 1323, 1324, 1326, 1327, 1329, 1330, 1331, 1332, 1337, 1339, 1340, 1342, 1344, 1345, 1347, 1349, 1350, 1353, 1355, 1356, 1361, 1365, 1368, 1369, 1371, 1373, 1374, 1375, 1377, 1378, 1380, 1382, 1383, 1384, 1385, 1386, 1387, 1388, 1389, 1390, 1394, 1395, 1398, 1399, 1400, 1401, 1403, 1405, 1407, 1408, 1409, 1410, 1411, 1412, 1414, 1417, 1418]
_______________________
_______________________
