
test

link
[[  82  190]
 [ 206 9006]]

rel
[[  86    7    0    0  172]
 [  24   50    0    0  191]
 [   1    0    0    0    6]
 [   0    1    0    0    6]
 [ 197  101    0    0 8642]]

prop real
[[116   9   2  26   0]
 [  7  52  10  55   0]
 [  1  13 153  37   0]
 [ 35  60  51 344   1]
 [  0   0   0   0   1]]


validation

link
[[  48   95]
 [  76 3625]]

rel
[[  49    3    0    0   87]
 [   7   34    0    0   98]
 [   0    0    0    0    4]
 [   1    0    0    0    3]
 [  75   42    0    0 3441]]

prop real
[[ 54   3   3  17   0]
 [  4  25   6  38   0]
 [  0   7  67  10   0]
 [ 14  29  29 159   0]
 [  0   0   0   0   3]]


train

link
[[  854    69]
 [  238 28895]]

rel
[[  835     1     0     0    52]
 [   21   768     0     0    99]
 [    0     1    21     0    13]
 [    1     0     0    24    10]
 [  238    87     0     1 27884]]

prop real
[[ 563    2    0   20    0]
 [   7  494   11   37    0]
 [   0    2  729    7    0]
 [   8   24   45 1361    0]
 [   0    0    0    0   28]]

